0.0 0.0 0.0 0.0 0.0 true 
0.0 0.0 0.0 0.0 0.0 true 
0.0 0.0 0.0 0.0 0.0 true 
0.0 0.0 0.0 0.0 0.0 true 
0.0 0.0 0.0 0.0 0.0 true 
0.0 0.0 0.0 0.0 0.0 true 
0.0 0.0 0.0 0.0 0.0 true 
0.0 0.0 0.0 0.0 0.0 true 
0.0 0.0 0.0 0.0 0.0 true 
0.0 0.0 0.0 0.0 0.0 true 
0.0 0.0 0.0 0.0 0.0 true 
0.0 0.0 0.0 0.0 0.0 true 
0.0 0.0 0.0 0.0 0.0 true 
0.0 0.0 0.0 0.0 0.0 true 
0.0 0.0 0.0 0.0 0.0 true 
0.0 0.0 0.0 0.0 0.0 true 
0.0 0.0 0.0 0.0 0.0 true 
0.0 0.0 0.0 0.0 0.0 true 
0.0 0.0 0.0 0.0 0.0 true 
0.0 0.0 0.0 0.0 0.0 true 
0.0 0.0 0.0 0.0 0.0 true 
0.0 0.0 0.0 0.0 0.0 true 
0.0 0.0 0.0 0.0 0.0 true 
0.0 0.0 0.0 0.0 0.0 true 
0.0 0.0 0.0 0.0 0.0 true 
0.0 0.0 0.0 0.0 0.0 true 
0.0 0.0 0.0 0.0 0.0 true 
0.0 0.0 0.0 0.0 0.0 true 
0.0 0.0 0.0 0.0 0.0 true 
0.0 0.0 0.0 0.0 0.0 true 
0.0 0.0 0.0 0.0 0.0 true 
0.0 0.0 0.0 0.0 0.0 true 
0.0 0.0 0.0 0.0 0.0 true 
0.0 0.0 0.0 0.0 0.0 true 
0.0 0.0 0.0 0.0 0.0 true 
0.0 0.0 0.0 0.0 0.0 true 
0.0 0.0 0.0 0.0 0.0 true 
0.0 0.0 0.0 0.0 0.0 true 
0.0 0.0 0.0 0.0 0.0 true 
0.0 0.0 0.0 0.0 0.0 true 
0.0 0.0 0.0 0.0 0.0 true 
0.0 0.0 0.0 0.0 0.0 true 
0.0 0.0 0.0 0.0 0.0 true 
0.0 0.0 0.0 0.0 0.0 true 
0.0 0.0 0.0 0.0 0.0 true 
0.0 0.0 0.0 0.0 0.0 true 
0.0 0.0 0.0 0.0 0.0 true 
0.0 0.0 0.0 0.0 0.0 true 
0.0 0.0 0.0 0.0 0.0 true 
0.0 0.0 0.0 0.0 0.0 true 
0.0 0.0 0.0 0.0 0.0 true 
0.0 0.0 0.0 0.0 0.0 true 
0.0 0.0 0.0 0.0 0.0 true 
0.0 0.0 0.0 0.0 0.0 true 
0.0 0.0 0.0 0.0 0.0 true 
0.0 0.0 0.0 0.0 0.0 true 
0.0 0.0 0.0 0.0 0.0 true 
0.0 0.0 0.0 0.0 0.0 true 
0.0 0.0 0.0 0.0 0.0 true 
0.0 0.0 0.0 0.0 0.0 true 
0.0 0.0 0.0 0.0 0.0 true 
0.0 0.0 0.0 0.0 0.0 true 
0.0 0.0 0.0 0.0 0.0 true 
0.0 0.0 0.0 0.0 0.0 true 
0.0 0.0 0.0 0.0 0.0 true 
0.0 0.0 0.0 0.0 0.0 true 
0.0 0.0 0.0 0.0 0.0 true 
0.0 0.0 0.0 0.0 0.0 true 
0.0 0.0 0.0 0.0 0.0 true 
0.0 0.0 0.0 0.0 0.0 true 
0.0 0.0 0.0 0.0 0.0 true 
0.0 0.0 0.0 0.0 0.0 true 
0.0 0.0 0.0 0.0 0.0 true 
0.0 0.0 0.0 0.0 0.0 true 
0.0 0.0 0.0 0.0 0.0 true 
0.0 0.0 0.0 0.0 0.0 true 
0.0 0.0 0.0 0.0 0.0 true 
0.0 0.0 0.0 0.0 0.0 true 
0.0 0.0 0.0 0.0 0.0 true 
0.0 0.0 0.0 0.0 0.0 true 
0.0 0.0 0.0 0.0 0.0 true 
0.0 0.0 0.0 0.0 0.0 true 
0.0 0.0 0.0 0.0 0.0 true 
0.0 0.0 0.0 0.0 0.0 true 
0.0 0.0 0.0 0.0 0.0 true 
0.0 0.0 0.0 0.0 0.0 true 
0.0 0.0 0.0 0.0 0.0 true 
0.0 0.0 0.0 0.0 0.0 true 
0.0 0.0 0.0 0.0 0.0 true 
0.0 0.0 0.0 0.0 0.0 true 
0.0 0.0 0.0 0.0 0.0 true 
0.0 0.0 0.0 0.0 0.0 true 
0.0 0.0 0.0 0.0 0.0 true 
0.0 0.0 0.0 0.0 0.0 true 
0.0 0.0 0.0 0.0 0.0 true 
0.0 0.0 0.0 0.0 0.0 true 
0.0 0.0 0.0 0.0 0.0 true 
0.0 0.0 0.0 0.0 0.0 true 
0.0 0.0 0.0 0.0 0.0 true 
0.0 0.0 0.0 0.0 0.0 true 
0.0 0.0 0.0 0.0 0.0 true 
0.0 0.0 0.0 0.0 0.0 true 
0.0 0.0 0.0 0.0 0.0 true 
0.03225806451612903 -0.03225806451612903 0.0 0.0 0.0 true 
0.03225806451612903 -0.03225806451612903 0.0 0.0 0.0 true 
0.09872922776148582 -0.03225806451612903 0.0 0.0 0.0 true 
0.09872922776148582 -0.09872922776148582 0.0 0.0 0.0 true 
0.09872922776148582 -0.09872922776148582 0.0 0.0 0.0 true 
0.09872922776148582 -0.09872922776148582 0.0 0.0 0.0 true 
0.09872922776148582 -0.09872922776148582 0.0 0.0 0.0 true 
0.15640273704789834 -0.15640273704789834 0.0 0.0 0.0 true 
0.15640273704789834 -0.15640273704789834 0.0 0.0 0.0 true 
0.15640273704789834 -0.15640273704789834 0.0 0.0 0.0 true 
0.15640273704789834 -0.15640273704789834 0.0 0.0 0.0 true 
0.18181818181818182 -0.15640273704789834 0.0 0.0 0.0 true 
0.18181818181818182 -0.18181818181818182 0.0 0.0 0.0 true 
0.18181818181818182 -0.18181818181818182 0.0 0.0 0.0 true 
0.18181818181818182 -0.18181818181818182 0.0 0.0 0.0 true 
0.18181818181818182 -0.18181818181818182 0.0 0.0 0.0 true 
0.18181818181818182 -0.18181818181818182 0.0 0.0 0.0 true 
0.19745845552297164 -0.18181818181818182 0.0 0.0 0.0 true 
0.19745845552297164 -0.19745845552297164 0.0 0.0 0.0 true 
0.19745845552297164 -0.19745845552297164 0.0 0.0 0.0 true 
0.19745845552297164 -0.19745845552297164 0.0 0.0 0.0 true 
0.19745845552297164 -0.19745845552297164 0.0 0.0 0.0 true 
0.19745845552297164 -0.19745845552297164 0.0 0.0 0.0 true 
0.20625610948191594 -0.20625610948191594 0.0 0.0 0.0 true 
0.20625610948191594 -0.20625610948191594 0.0 0.0 0.0 true 
0.20625610948191594 -0.20625610948191594 0.0 0.0 0.0 true 
0.20625610948191594 -0.20625610948191594 0.0 0.0 0.0 true 
0.20625610948191594 -0.20625610948191594 0.0 0.0 0.0 true 
0.20625610948191594 -0.20625610948191594 0.0 0.0 0.0 true 
0.20625610948191594 -0.20625610948191594 0.0 0.0 0.0 true 
0.20625610948191594 -0.20625610948191594 0.0 0.0 0.0 true 
0.20625610948191594 -0.20625610948191594 0.0 0.0 0.0 true 
0.20625610948191594 -0.20625610948191594 0.0 0.0 0.0 true 
0.20625610948191594 -0.20625610948191594 0.0 0.0 0.0 true 
0.20625610948191594 -0.20625610948191594 0.0 0.0 0.0 true 
0.20625610948191594 -0.20625610948191594 0.0 0.0 0.0 true 
0.20625610948191594 -0.20625610948191594 0.0 0.0 0.0 true 
0.20625610948191594 -0.20625610948191594 0.0 0.0 0.0 true 
0.20625610948191594 -0.20625610948191594 0.0 0.0 0.0 true 
0.20625610948191594 -0.20625610948191594 0.0 0.0 0.0 true 
0.20625610948191594 -0.20625610948191594 0.0 0.0 0.0 true 
0.20625610948191594 -0.20625610948191594 0.0 0.0 0.0 true 
0.20625610948191594 -0.20625610948191594 0.0 0.0 0.0 true 
0.20625610948191594 -0.20625610948191594 0.0 0.0 0.0 true 
0.20625610948191594 -0.20625610948191594 0.0 0.0 0.0 true 
0.20625610948191594 -0.20625610948191594 0.0 0.0 0.0 true 
0.20625610948191594 -0.20625610948191594 0.0 0.0 0.0 true 
0.20625610948191594 -0.20625610948191594 0.0 0.0 0.0 true 
0.20625610948191594 -0.20625610948191594 0.0 0.0 0.0 true 
0.20625610948191594 -0.20625610948191594 0.0 0.0 0.0 true 
0.20625610948191594 -0.20625610948191594 0.0 0.0 0.0 true 
0.20625610948191594 -0.20625610948191594 0.0 0.0 0.0 true 
0.20625610948191594 -0.20625610948191594 0.0 0.0 0.0 true 
0.20625610948191594 -0.20625610948191594 0.0 0.0 0.0 true 
0.20625610948191594 -0.20625610948191594 0.0 0.0 0.0 true 
0.14858260019550343 -0.14858260019550343 0.0 0.0 0.0 true 
0.14858260019550343 -0.14858260019550343 0.0 0.0 0.0 true 
0.14858260019550343 -0.14858260019550343 0.0 0.0 0.0 true 
0.07429130009775171 -0.14858260019550343 0.0 0.0 0.0 true 
0.07429130009775171 -0.07429130009775171 0.0 0.0 0.0 true 
0.07429130009775171 -0.07429130009775171 0.0 0.0 0.0 true 
0.07429130009775171 -0.07429130009775171 0.0 0.0 0.0 true 
0.07429130009775171 -0.07429130009775171 0.0 0.0 0.0 true 
0.0 0.0 0.0 0.0 0.0 true 
0.0 0.0 0.0 0.0 0.0 true 
0.0 0.0 0.0 0.0 0.0 true 
0.0 0.0 0.0 0.0 0.0 true 
0.0 0.0 0.0 0.0 0.0 true 
0.0 0.0 0.0 0.0 0.0 true 
0.0 0.0 0.0 0.0 0.0 true 
0.0 0.0 0.0 0.0 0.0 true 
0.0 0.0 0.0 0.0 0.0 true 
0.0 0.0 0.0 0.0 0.0 true 
0.0 0.0 0.0 0.0 0.0 true 
0.0 0.0 0.0 0.0 0.0 true 
0.0 0.0 0.0 0.0 0.0 true 
0.0 0.0 0.0 0.0 0.0 true 
0.0 0.0 0.0 0.0 0.0 true 
0.0 0.0 0.0 0.0 0.0 true 
0.0 0.0 0.0 0.0 0.0 true 
0.0 0.0 0.0 0.0 0.0 true 
0.0 0.0 0.0 0.0 0.0 true 
0.0 0.0 0.0 0.0 0.0 true 
0.0 0.0 0.0 0.0 0.0 true 
0.0 0.0 0.0 0.0 0.0 true 
0.0 0.0 0.0 0.0 0.0 true 
0.0 0.0 0.0 0.0 0.0 true 
0.0 0.0 0.0 0.0 0.0 true 
0.0 0.0 0.0 0.0 0.0 true 
0.0 0.0 0.0 0.0 0.0 true 
0.0 0.0 0.0 0.0 0.0 true 
0.0 0.0 0.0 0.0 0.0 true 
0.0 0.0 0.0 0.0 0.0 true 
0.0 0.0 0.0 0.0 0.0 true 
0.0 0.0 0.0 0.0 0.0 true 
0.0 0.0 0.0 0.0 0.0 true 
0.0 0.0 0.0 0.0 0.0 true 
0.0 0.0 0.0 0.0 0.0 true 
0.0 0.0 0.0 0.0 0.0 true 
0.0 0.0 0.0 0.0 0.0 true 
0.0 0.0 0.0 0.0 0.0 true 
0.0 0.0 0.0 0.0 0.0 true 
0.0 0.0 0.0 0.0 0.0 true 
0.0 0.0 0.0 0.0 0.0 true 
0.0 0.0 0.0 0.0 0.0 true 
0.0 0.0 0.0 0.0 0.0 true 
0.0 0.0 0.0 0.0 0.0 true 
0.0 0.0 0.0 0.0 0.0 true 
-0.06060606060606061 0.06060606060606061 0.0 0.0 0.0 true 
-0.06060606060606061 0.06060606060606061 0.0 0.0 0.0 true 
-0.06060606060606061 0.06060606060606061 0.0 0.0 0.0 true 
-0.06060606060606061 0.1104594330400782 0.0 0.0 0.0 true 
-0.1104594330400782 0.1104594330400782 0.0 0.0 0.0 true 
-0.1104594330400782 0.1104594330400782 0.0 0.0 0.0 true 
-0.1104594330400782 0.1104594330400782 0.0 0.0 0.0 true 
-0.1348973607038123 0.1348973607038123 0.0 0.0 0.0 true 
-0.1348973607038123 0.1348973607038123 0.0 0.0 0.0 true 
-0.1348973607038123 0.1348973607038123 0.0 0.0 0.0 true 
-0.1348973607038123 0.1348973607038123 0.0 0.0 0.0 true 
-0.1348973607038123 0.1348973607038123 0.0 0.0 0.0 true 
-0.1348973607038123 0.1348973607038123 0.0 0.0 0.0 true 
-0.15933528836754643 0.15933528836754643 0.0 0.0 0.0 true 
-0.15933528836754643 0.15933528836754643 0.0 0.0 0.0 true 
-0.15933528836754643 0.15933528836754643 0.0 0.0 0.0 true 
-0.19257086999022482 0.15933528836754643 0.0 0.0 0.0 true 
-0.19257086999022482 0.19257086999022482 0.0 0.0 0.0 true 
-0.19257086999022482 0.19257086999022482 0.0 0.0 0.0 true 
-0.19257086999022482 0.19257086999022482 0.0 0.0 0.0 true 
-0.19257086999022482 0.19257086999022482 0.0 0.0 0.0 true 
-0.19257086999022482 0.19257086999022482 0.0 0.0 0.0 true 
-0.19257086999022482 0.19257086999022482 0.0 0.0 0.0 true 
-0.21700879765395895 0.21700879765395895 0.0 0.0 0.0 true 
-0.21700879765395895 0.21700879765395895 0.0 0.0 0.0 true 
-0.21700879765395895 0.21700879765395895 0.0 0.0 0.0 true 
-0.21700879765395895 0.21700879765395895 0.0 0.0 0.0 true 
-0.22482893450635386 0.22482893450635386 0.0 0.0 0.0 true 
-0.22482893450635386 0.22482893450635386 0.0 0.0 0.0 true 
-0.22482893450635386 0.22482893450635386 0.0 0.0 0.0 true 
-0.23362658846529813 0.23362658846529813 0.0 0.0 0.0 true 
-0.23362658846529813 0.23362658846529813 0.0 0.0 0.0 true 
-0.23362658846529813 0.23362658846529813 0.0 0.0 0.0 true 
-0.23362658846529813 0.23362658846529813 0.0 0.0 0.0 true 
-0.23362658846529813 0.23362658846529813 0.0 0.0 0.0 true 
-0.23362658846529813 0.23362658846529813 0.0 0.0 0.0 true 
-0.23362658846529813 0.23362658846529813 0.0 0.0 0.0 true 
-0.23362658846529813 0.23362658846529813 0.0 0.0 0.0 true 
-0.23362658846529813 0.23362658846529813 0.0 0.0 0.0 true 
-0.23362658846529813 0.23362658846529813 0.0 0.0 0.0 true 
-0.23362658846529813 0.23362658846529813 0.0 0.0 0.0 true 
-0.23362658846529813 0.23362658846529813 0.0 0.0 0.0 true 
-0.23362658846529813 0.23362658846529813 0.0 0.0 0.0 true 
-0.23362658846529813 0.23362658846529813 0.0 0.0 0.0 true 
-0.23362658846529813 0.23362658846529813 0.0 0.0 0.0 true 
-0.23362658846529813 0.23362658846529813 0.0 0.0 0.0 true 
-0.23362658846529813 0.23362658846529813 0.0 0.0 0.0 true 
-0.23362658846529813 0.23362658846529813 0.0 0.0 0.0 true 
-0.23362658846529813 0.23362658846529813 0.0 0.0 0.0 true 
-0.23362658846529813 0.23362658846529813 0.0 0.0 0.0 true 
-0.23362658846529813 0.23362658846529813 0.0 0.0 0.0 true 
-0.23362658846529813 0.23362658846529813 0.0 0.0 0.0 true 
-0.23362658846529813 0.23362658846529813 0.0 0.0 0.0 true 
-0.23362658846529813 0.23362658846529813 0.0 0.0 0.0 true 
-0.23362658846529813 0.23362658846529813 0.0 0.0 0.0 true 
-0.23362658846529813 0.23362658846529813 0.0 0.0 0.0 true 
-0.23362658846529813 0.23362658846529813 0.0 0.0 0.0 true 
-0.23362658846529813 0.23362658846529813 0.0 0.0 0.0 true 
-0.23362658846529813 0.23362658846529813 0.0 0.0 0.0 true 
-0.23362658846529813 0.23362658846529813 0.0 0.0 0.0 true 
-0.23362658846529813 0.23362658846529813 0.0 0.0 0.0 true 
-0.23362658846529813 0.23362658846529813 0.0 0.0 0.0 true 
-0.23362658846529813 0.23362658846529813 0.0 0.0 0.0 true 
-0.23362658846529813 0.23362658846529813 0.0 0.0 0.0 true 
-0.23362658846529813 0.23362658846529813 0.0 0.0 0.0 true 
-0.23362658846529813 0.11241446725317693 0.0 0.0 0.0 true 
-0.23362658846529813 0.11241446725317693 0.0 0.0 0.0 true 
-0.23362658846529813 0.10068426197458455 0.0 0.0 0.0 true 
-0.23362658846529813 0.10068426197458455 0.0 0.0 0.0 true 
-0.23362658846529813 0.08504398826979472 0.0 0.0 0.0 true 
-0.23362658846529813 0.08504398826979472 0.0 0.0 0.0 true 
-0.23362658846529813 0.08504398826979472 0.0 0.0 0.0 true 
-0.23362658846529813 0.06451612903225806 0.0 0.0 0.0 true 
-0.23362658846529813 0.06451612903225806 0.0 0.0 0.0 true 
-0.23362658846529813 0.06451612903225806 0.0 0.0 0.0 true 
-0.23362658846529813 0.04985337243401759 0.0 0.0 0.0 true 
-0.23362658846529813 0.04007820136852395 0.0 0.0 0.0 true 
-0.23362658846529813 0.04007820136852395 0.0 0.0 0.0 true 
-0.23362658846529813 0.04007820136852395 0.0 0.0 0.0 true 
-0.23362658846529813 0.04007820136852395 0.0 0.0 0.0 true 
-0.23362658846529813 0.04007820136852395 0.0 0.0 0.0 true 
-0.23362658846529813 0.04007820136852395 0.0 0.0 0.0 true 
-0.23362658846529813 0.03128054740957967 0.0 0.0 0.0 true 
-0.23362658846529813 0.03128054740957967 0.0 0.0 0.0 true 
-0.23362658846529813 0.03128054740957967 0.0 0.0 0.0 true 
-0.23362658846529813 0.021505376344086023 0.0 0.0 0.0 true 
-0.23362658846529813 0.021505376344086023 0.0 0.0 0.0 true 
-0.23362658846529813 0.021505376344086023 0.0 0.0 0.0 true 
-0.23362658846529813 0.01270772238514174 0.0 0.0 0.0 true 
-0.23362658846529813 0.01270772238514174 0.0 0.0 0.0 true 
-0.23362658846529813 0.01270772238514174 0.0 0.0 0.0 true 
-0.23362658846529813 0.01270772238514174 0.0 0.0 0.0 true 
-0.23362658846529813 0.01270772238514174 0.0 0.0 0.0 true 
-0.23362658846529813 0.01270772238514174 0.0 0.0 0.0 true 
-0.23362658846529813 0.01270772238514174 0.0 0.0 0.0 true 
-0.23362658846529813 0.01270772238514174 0.0 0.0 0.0 true 
-0.23362658846529813 0.01270772238514174 0.0 0.0 0.0 true 
-0.23362658846529813 0.0039100684261974585 0.0 0.0 0.0 true 
-0.23362658846529813 0.0039100684261974585 0.0 0.0 0.0 true 
-0.23362658846529813 0.0039100684261974585 0.0 0.0 0.0 true 
-0.23362658846529813 0.0039100684261974585 0.0 0.0 0.0 true 
-0.23362658846529813 0.0039100684261974585 0.0 0.0 0.0 true 
-0.23362658846529813 0.0039100684261974585 0.0 0.0 0.0 true 
-0.23362658846529813 0.0039100684261974585 0.0 0.0 0.0 true 
-0.23362658846529813 0.0039100684261974585 0.0 0.0 0.0 true 
-0.23362658846529813 0.0039100684261974585 0.0 0.0 0.0 true 
-0.2375366568914956 -0.0039100684261974585 0.0 0.0 0.0 true 
-0.2375366568914956 -0.0039100684261974585 0.0 0.0 0.0 true 
-0.2375366568914956 -0.0039100684261974585 0.0 0.0 0.0 true 
-0.2375366568914956 -0.0039100684261974585 0.0 0.0 0.0 true 
-0.2375366568914956 -0.0039100684261974585 0.0 0.0 0.0 true 
-0.24633431085043989 -0.011730205278592375 0.0 0.0 0.0 true 
-0.24633431085043989 -0.011730205278592375 0.0 0.0 0.0 true 
-0.24633431085043989 -0.011730205278592375 0.0 0.0 0.0 true 
-0.24633431085043989 -0.011730205278592375 0.0 0.0 0.0 true 
-0.24633431085043989 -0.011730205278592375 0.0 0.0 0.0 true 
-0.24633431085043989 -0.011730205278592375 0.0 0.0 0.0 true 
-0.24633431085043989 -0.011730205278592375 0.0 0.0 0.0 true 
-0.24633431085043989 -0.011730205278592375 0.0 0.0 0.0 true 
-0.24633431085043989 -0.011730205278592375 0.0 0.0 0.0 true 
-0.24633431085043989 -0.011730205278592375 0.0 0.0 0.0 true 
-0.24633431085043989 -0.011730205278592375 0.0 0.0 0.0 true 
-0.24633431085043989 -0.011730205278592375 0.0 0.0 0.0 true 
-0.24633431085043989 -0.011730205278592375 0.0 0.0 0.0 true 
-0.24633431085043989 -0.011730205278592375 0.0 0.0 0.0 true 
-0.24633431085043989 -0.011730205278592375 0.0 0.0 0.0 true 
-0.24633431085043989 -0.011730205278592375 0.0 0.0 0.0 true 
-0.24633431085043989 -0.011730205278592375 0.0 0.0 0.0 true 
-0.24633431085043989 -0.011730205278592375 0.0 0.0 0.0 true 
-0.24633431085043989 -0.011730205278592375 0.0 0.0 0.0 true 
-0.24633431085043989 -0.011730205278592375 0.0 0.0 0.0 true 
-0.24633431085043989 -0.011730205278592375 0.0 0.0 0.0 true 
-0.24633431085043989 -0.011730205278592375 0.0 0.0 0.0 true 
-0.24633431085043989 -0.011730205278592375 0.0 0.0 0.0 true 
-0.24633431085043989 -0.011730205278592375 0.0 0.0 0.0 true 
-0.24633431085043989 -0.011730205278592375 0.0 0.0 0.0 true 
-0.24633431085043989 -0.011730205278592375 0.0 0.0 0.0 true 
-0.24633431085043989 -0.011730205278592375 0.0 0.0 0.0 true 
-0.24633431085043989 -0.011730205278592375 0.0 0.0 0.0 true 
-0.24633431085043989 -0.011730205278592375 0.0 0.0 0.0 true 
-0.24633431085043989 -0.011730205278592375 0.0 0.0 0.0 true 
-0.24633431085043989 -0.011730205278592375 0.0 0.0 0.0 true 
-0.24633431085043989 -0.011730205278592375 0.0 0.0 0.0 true 
-0.24633431085043989 -0.011730205278592375 0.0 0.0 0.0 true 
-0.24633431085043989 -0.011730205278592375 0.0 0.0 0.0 true 
-0.24633431085043989 -0.011730205278592375 0.0 0.0 0.0 true 
-0.24633431085043989 -0.011730205278592375 0.0 0.0 0.0 true 
-0.24633431085043989 -0.011730205278592375 0.0 0.0 0.0 true 
-0.24633431085043989 -0.011730205278592375 0.0 0.0 0.0 true 
-0.24633431085043989 -0.011730205278592375 0.0 0.0 0.0 true 
-0.24633431085043989 -0.011730205278592375 0.0 0.0 0.0 true 
-0.24633431085043989 -0.011730205278592375 0.0 0.0 0.0 true 
-0.24633431085043989 -0.011730205278592375 0.0 0.0 0.0 true 
-0.24633431085043989 -0.011730205278592375 0.0 0.0 0.0 true 
-0.24633431085043989 -0.011730205278592375 0.0 0.0 0.0 true 
-0.24633431085043989 -0.011730205278592375 0.0 0.0 0.0 true 
-0.24633431085043989 -0.011730205278592375 0.0 0.0 0.0 true 
-0.24633431085043989 -0.011730205278592375 0.0 0.0 0.0 true 
-0.24633431085043989 -0.011730205278592375 0.0 0.0 0.0 true 
-0.24633431085043989 -0.011730205278592375 0.0 0.0 0.0 true 
-0.24633431085043989 -0.011730205278592375 0.0 0.0 0.0 true 
-0.24633431085043989 -0.011730205278592375 0.0 0.0 0.0 true 
-0.24633431085043989 -0.011730205278592375 0.0 0.0 0.0 true 
-0.24633431085043989 -0.011730205278592375 0.0 0.0 0.0 true 
-0.24633431085043989 -0.011730205278592375 0.0 0.0 0.0 true 
-0.24633431085043989 -0.011730205278592375 0.0 0.0 0.0 true 
-0.24633431085043989 -0.011730205278592375 0.0 0.0 0.0 true 
-0.24633431085043989 -0.011730205278592375 0.0 0.0 0.0 true 
-0.24633431085043989 -0.011730205278592375 0.0 0.0 0.0 true 
-0.24633431085043989 -0.011730205278592375 0.0 0.0 0.0 true 
-0.24633431085043989 -0.011730205278592375 0.0 0.0 0.0 true 
-0.24633431085043989 -0.011730205278592375 0.0 0.0 0.0 true 
-0.24633431085043989 -0.011730205278592375 0.0 0.0 0.0 true 
-0.24633431085043989 -0.011730205278592375 0.0 0.0 0.0 true 
-0.24633431085043989 -0.011730205278592375 0.0 0.0 0.0 true 
-0.24633431085043989 -0.011730205278592375 0.0 0.0 0.0 true 
-0.24633431085043989 -0.011730205278592375 0.0 0.0 0.0 true 
-0.24633431085043989 -0.011730205278592375 0.0 0.0 0.0 true 
-0.24633431085043989 -0.011730205278592375 0.0 0.0 0.0 true 
-0.24633431085043989 -0.011730205278592375 0.0 0.0 0.0 true 
-0.24633431085043989 -0.011730205278592375 0.0 0.0 0.0 true 
-0.24633431085043989 -0.011730205278592375 0.0 0.0 0.0 true 
-0.24633431085043989 -0.011730205278592375 0.0 0.0 0.0 true 
-0.24633431085043989 -0.011730205278592375 0.0 0.0 0.0 true 
-0.24633431085043989 -0.011730205278592375 0.0 0.0 0.0 true 
-0.24633431085043989 -0.011730205278592375 0.0 0.0 0.0 true 
-0.24633431085043989 -0.011730205278592375 0.0 0.0 0.0 true 
-0.24633431085043989 -0.011730205278592375 0.0 0.0 0.0 true 
-0.24633431085043989 -0.011730205278592375 0.0 0.0 0.0 true 
-0.24633431085043989 -0.011730205278592375 0.0 0.0 0.0 true 
-0.24633431085043989 -0.011730205278592375 0.0 0.0 0.0 true 
-0.24633431085043989 -0.011730205278592375 0.0 0.0 0.0 true 
-0.24633431085043989 -0.011730205278592375 0.0 0.0 0.0 true 
-0.24633431085043989 -0.011730205278592375 0.0 0.0 0.0 true 
-0.24633431085043989 -0.011730205278592375 0.0 0.0 0.0 true 
-0.24633431085043989 -0.011730205278592375 0.0 0.0 0.0 true 
-0.24633431085043989 -0.011730205278592375 0.0 0.0 0.0 true 
-0.24633431085043989 -0.011730205278592375 0.0 0.0 0.0 true 
-0.24633431085043989 -0.011730205278592375 0.0 0.0 0.0 true 
-0.24633431085043989 -0.011730205278592375 0.0 0.0 0.0 true 
-0.24633431085043989 -0.011730205278592375 0.0 0.0 0.0 true 
-0.24633431085043989 -0.011730205278592375 0.0 0.0 0.0 true 
-0.24633431085043989 -0.011730205278592375 0.0 0.0 0.0 true 
-0.24633431085043989 -0.011730205278592375 0.0 0.0 0.0 true 
-0.24633431085043989 -0.011730205278592375 0.0 0.0 0.0 true 
-0.24633431085043989 -0.011730205278592375 0.0 0.0 0.0 true 
-0.24633431085043989 -0.011730205278592375 0.0 0.0 0.0 true 
-0.24633431085043989 -0.011730205278592375 0.0 0.0 0.0 true 
-0.24633431085043989 -0.011730205278592375 0.0 0.0 0.0 true 
-0.24633431085043989 -0.011730205278592375 0.0 0.0 0.0 true 
-0.24633431085043989 -0.011730205278592375 0.0 0.0 0.0 true 
-0.24633431085043989 -0.011730205278592375 0.0 0.0 0.0 true 
-0.24633431085043989 -0.011730205278592375 0.0 0.0 0.0 true 
-0.24633431085043989 -0.011730205278592375 0.0 0.0 0.0 true 
-0.24633431085043989 -0.011730205278592375 0.0 0.0 0.0 true 
-0.24633431085043989 -0.011730205278592375 0.0 0.0 0.0 true 
-0.24633431085043989 -0.011730205278592375 0.0 0.0 0.0 true 
-0.24633431085043989 -0.011730205278592375 0.0 0.0 0.0 true 
-0.24633431085043989 -0.011730205278592375 0.0 0.0 0.0 true 
-0.24633431085043989 -0.011730205278592375 0.0 0.0 0.0 true 
-0.24633431085043989 -0.0039100684261974585 0.0 0.0 0.0 true 
-0.2375366568914956 -0.0039100684261974585 0.0 0.0 0.0 true 
-0.2375366568914956 -0.0039100684261974585 0.0 0.0 0.0 true 
-0.2375366568914956 -0.0039100684261974585 0.0 0.0 0.0 true 
-0.2375366568914956 -0.0039100684261974585 0.0 0.0 0.0 true 
-0.2375366568914956 -0.0039100684261974585 0.0 0.0 0.0 true 
-0.2375366568914956 -0.0039100684261974585 0.0 0.0 0.0 true 
-0.2375366568914956 0.0039100684261974585 0.0 0.0 0.0 true 
-0.23362658846529813 0.0039100684261974585 0.0 0.0 0.0 true 
-0.23362658846529813 0.0039100684261974585 0.0 0.0 0.0 true 
-0.23362658846529813 0.0039100684261974585 0.0 0.0 0.0 true 
-0.23362658846529813 0.0039100684261974585 0.0 0.0 0.0 true 
-0.23362658846529813 0.01270772238514174 0.0 0.0 0.0 true 
-0.23362658846529813 0.01270772238514174 0.0 0.0 0.0 true 
-0.23362658846529813 0.01270772238514174 0.0 0.0 0.0 true 
-0.23362658846529813 0.01270772238514174 0.0 0.0 0.0 true 
-0.23362658846529813 0.021505376344086023 0.0 0.0 0.0 true 
-0.23362658846529813 0.021505376344086023 0.0 0.0 0.0 true 
-0.23362658846529813 0.021505376344086023 0.0 0.0 0.0 true 
-0.23362658846529813 0.021505376344086023 0.0 0.0 0.0 true 
-0.23362658846529813 0.021505376344086023 0.0 0.0 0.0 true 
-0.23362658846529813 0.021505376344086023 0.0 0.0 0.0 true 
-0.23362658846529813 0.021505376344086023 0.0 0.0 0.0 true 
-0.23362658846529813 0.021505376344086023 0.0 0.0 0.0 true 
-0.23362658846529813 0.03128054740957967 0.0 0.0 0.0 true 
-0.23362658846529813 0.03128054740957967 0.0 0.0 0.0 true 
-0.23362658846529813 0.03128054740957967 0.0 0.0 0.0 true 
-0.23362658846529813 0.03128054740957967 0.0 0.0 0.0 true 
-0.23362658846529813 0.04007820136852395 0.0 0.0 0.0 true 
-0.23362658846529813 0.04007820136852395 0.0 0.0 0.0 true 
-0.23362658846529813 0.04985337243401759 0.0 0.0 0.0 true 
-0.23362658846529813 0.059628543499511244 0.0 0.0 0.0 true 
-0.23362658846529813 0.059628543499511244 0.0 0.0 0.0 true 
-0.23362658846529813 0.06940371456500488 0.0 0.0 0.0 true 
-0.23362658846529813 0.06940371456500488 0.0 0.0 0.0 true 
-0.23362658846529813 0.07917888563049853 0.0 0.0 0.0 true 
-0.23362658846529813 0.10654936461388075 0.0 0.0 0.0 true 
-0.23362658846529813 0.10654936461388075 0.0 0.0 0.0 true 
-0.23362658846529813 0.10654936461388075 0.0 0.0 0.0 true 
-0.23362658846529813 0.10654936461388075 0.0 0.0 0.0 true 
-0.23362658846529813 0.11827956989247312 0.0 0.0 0.0 true 
-0.23362658846529813 0.23362658846529813 0.0 0.0 0.0 true 
-0.23362658846529813 0.23362658846529813 0.0 0.0 0.0 true 
-0.23362658846529813 0.23362658846529813 0.0 0.0 0.0 true 
-0.23362658846529813 0.23362658846529813 0.0 0.0 0.0 true 
-0.23362658846529813 0.23362658846529813 0.0 0.0 0.0 true 
-0.23362658846529813 0.23362658846529813 0.0 0.0 0.0 true 
-0.23362658846529813 0.23362658846529813 0.0 0.0 0.0 true 
-0.23362658846529813 0.23362658846529813 0.0 0.0 0.0 true 
-0.23362658846529813 0.23362658846529813 0.0 0.0 0.0 true 
-0.23362658846529813 0.23362658846529813 0.0 0.0 0.0 true 
-0.23362658846529813 0.23362658846529813 0.0 0.0 0.0 true 
-0.23362658846529813 0.23362658846529813 0.0 0.0 0.0 true 
-0.23362658846529813 0.23362658846529813 0.0 0.0 0.0 true 
-0.23362658846529813 0.23362658846529813 0.0 0.0 0.0 true 
-0.23362658846529813 0.23362658846529813 0.0 0.0 0.0 true 
-0.23362658846529813 0.23362658846529813 0.0 0.0 0.0 true 
-0.23362658846529813 0.23362658846529813 0.0 0.0 0.0 true 
-0.23362658846529813 0.23362658846529813 0.0 0.0 0.0 true 
-0.23362658846529813 0.23362658846529813 0.0 0.0 0.0 true 
-0.23362658846529813 0.23362658846529813 0.0 0.0 0.0 true 
-0.23362658846529813 0.23362658846529813 0.0 0.0 0.0 true 
-0.23362658846529813 0.23362658846529813 0.0 0.0 0.0 true 
-0.23362658846529813 0.23362658846529813 0.0 0.0 0.0 true 
-0.23362658846529813 0.23362658846529813 0.0 0.0 0.0 true 
-0.23362658846529813 0.23362658846529813 0.0 0.0 0.0 true 
-0.23362658846529813 0.23362658846529813 0.0 0.0 0.0 true 
-0.23362658846529813 0.23362658846529813 0.0 0.0 0.0 true 
-0.23362658846529813 0.23362658846529813 0.0 0.0 0.0 true 
-0.23362658846529813 0.23362658846529813 0.0 0.0 0.0 true 
-0.23362658846529813 0.23362658846529813 0.0 0.0 0.0 true 
-0.23362658846529813 0.23362658846529813 0.0 0.0 0.0 true 
-0.23362658846529813 0.23362658846529813 0.0 0.0 0.0 true 
-0.23362658846529813 0.23362658846529813 0.0 0.0 0.0 true 
-0.23362658846529813 0.23362658846529813 0.0 0.0 0.0 true 
-0.23362658846529813 0.23362658846529813 0.0 0.0 0.0 true 
-0.23362658846529813 0.23362658846529813 0.0 0.0 0.0 true 
-0.23362658846529813 0.23362658846529813 0.0 0.0 0.0 true 
-0.23362658846529813 0.23362658846529813 0.0 0.0 0.0 true 
-0.23362658846529813 0.23362658846529813 0.0 0.0 0.0 true 
-0.23362658846529813 0.23362658846529813 0.0 0.0 0.0 true 
-0.23362658846529813 0.23362658846529813 0.0 0.0 0.0 true 
-0.23362658846529813 0.23362658846529813 0.0 0.0 0.0 true 
-0.23362658846529813 0.23362658846529813 0.0 0.0 0.0 true 
-0.23362658846529813 0.23362658846529813 0.0 0.0 0.0 true 
-0.23362658846529813 0.23362658846529813 0.0 0.0 0.0 true 
-0.23362658846529813 0.23362658846529813 0.0 0.0 0.0 true 
-0.23362658846529813 0.23362658846529813 0.0 0.0 0.0 true 
-0.23362658846529813 0.23362658846529813 0.0 0.0 0.0 true 
-0.23362658846529813 0.23362658846529813 0.0 0.0 0.0 true 
-0.23362658846529813 0.23362658846529813 0.0 0.0 0.0 true 
-0.23362658846529813 0.23362658846529813 0.0 0.0 0.0 true 
-0.23362658846529813 0.23362658846529813 0.0 0.0 0.0 true 
-0.23362658846529813 0.23362658846529813 0.0 0.0 0.0 true 
-0.23362658846529813 0.23362658846529813 0.0 0.0 0.0 true 
-0.23362658846529813 0.23362658846529813 0.0 0.0 0.0 true 
-0.23362658846529813 0.23362658846529813 0.0 0.0 0.0 true 
-0.23362658846529813 0.23362658846529813 0.0 0.0 0.0 true 
-0.23362658846529813 0.23362658846529813 0.0 0.0 0.0 true 
-0.23362658846529813 0.23362658846529813 0.0 0.0 0.0 true 
-0.23362658846529813 0.23362658846529813 0.0 0.0 0.0 true 
-0.23362658846529813 0.23362658846529813 0.0 0.0 0.0 true 
-0.23362658846529813 0.23362658846529813 0.0 0.0 0.0 true 
-0.23362658846529813 0.23362658846529813 0.0 0.0 0.0 true 
-0.23362658846529813 0.23362658846529813 0.0 0.0 0.0 true 
-0.23362658846529813 0.23362658846529813 0.0 0.0 0.0 true 
-0.23362658846529813 0.23362658846529813 0.0 0.0 0.0 true 
-0.23362658846529813 0.23362658846529813 0.0 0.0 0.0 true 
-0.23362658846529813 0.23362658846529813 0.0 0.0 0.0 true 
-0.23362658846529813 0.23362658846529813 0.0 0.0 0.0 true 
-0.23362658846529813 0.23362658846529813 0.0 0.0 0.0 true 
-0.23362658846529813 0.23362658846529813 0.0 0.0 0.0 true 
-0.17595307917888564 0.17595307917888564 0.0 0.0 0.0 true 
-0.17595307917888564 0.17595307917888564 0.0 0.0 0.0 true 
-0.06060606060606061 0.17595307917888564 0.0 0.0 0.0 true 
-0.06060606060606061 0.06060606060606061 0.0 0.0 0.0 true 
-0.06060606060606061 0.06060606060606061 0.0 0.0 0.0 true 
-0.06060606060606061 0.06060606060606061 0.0 0.0 0.0 true 
-0.06060606060606061 0.06060606060606061 0.0 0.0 0.0 true 
-0.06060606060606061 0.06060606060606061 0.0 0.0 0.0 true 
-0.06060606060606061 0.06060606060606061 0.0 0.0 0.0 true 
-0.06060606060606061 0.0 0.0 0.0 0.0 true 
0.0 0.0 0.0 0.0 0.0 true 
0.0 0.0 0.0 0.0 0.0 true 
0.0 0.0 0.0 0.0 0.0 true 
0.0 0.0 0.0 0.0 0.0 true 
0.0 0.0 0.0 0.0 0.0 true 
0.0 0.0 0.0 0.0 0.0 true 
0.0 0.0 0.0 0.0 0.0 true 
0.0 0.0 0.0 0.0 0.0 true 
0.0 0.0 0.0 0.0 0.0 true 
0.0 0.0 0.0 0.0 0.0 true 
0.0 0.0 0.0 0.0 0.0 true 
0.0 0.0 0.0 0.0 0.0 true 
0.0 0.0 0.0 0.0 0.0 true 
0.0 0.0 0.0 0.0 0.0 true 
0.0 0.0 0.0 0.0 0.0 true 
0.0 0.0 0.0 0.0 0.0 true 
0.0 0.0 0.0 0.0 0.0 true 
0.0 0.0 0.0 0.0 0.0 true 
0.0 0.0 0.0 0.0 0.0 true 
0.0 0.0 0.0 0.0 0.0 true 
0.0 0.0 0.0 0.0 0.0 true 
0.0 0.0 0.0 0.0 0.0 true 
0.0 0.0 0.0 0.0 0.0 true 
0.0 0.0 0.0 0.0 0.0 true 
0.0 0.0 0.0 0.0 0.0 true 
0.0 0.0 0.0 0.0 0.0 true 
0.0 0.0 0.0 0.0 0.0 true 
0.0 0.0 0.0 0.0 0.0 true 
0.0 0.0 0.0 0.0 0.0 true 
0.0 0.0 0.0 0.0 0.0 true 
0.0 0.0 0.0 0.0 0.0 true 
0.0 0.0 0.0 0.0 0.0 true 
0.0 0.0 0.0 0.0 0.0 true 
0.0 0.0 0.0 0.0 0.0 true 
0.0 0.0 0.0 0.0 0.0 true 
0.0 0.0 0.0 0.0 0.0 true 
0.0 0.0 0.0 0.0 0.0 true 
0.0 0.0 0.0 0.0 0.0 true 
0.0 0.0 0.0 0.0 0.0 true 
0.0 0.0 0.0 0.0 0.0 true 
0.0 0.0 0.0 0.0 0.0 true 
0.0 0.0 0.0 0.0 0.0 true 
0.0 0.0 0.0 0.0 0.0 true 
0.0 0.0 0.0 0.0 0.0 true 
0.0 0.0 0.0 0.0 0.0 true 
0.0 0.0 0.0 0.0 0.0 true 
0.0 0.0 0.0 0.0 0.0 true 
0.0 0.0 0.0 0.0 0.0 true 
0.0 0.0 0.0 0.0 0.0 true 
0.0 0.0 0.0 0.0 0.0 true 
0.0 0.0 0.0 0.0 0.0 true 
0.0 0.0 0.0 0.0 0.0 true 
0.0 0.0 0.0 0.0 0.0 true 
0.0 0.0 0.0 0.0 0.0 true 
0.0 0.0 0.0 0.0 0.0 true 
0.0 0.0 0.0 0.0 0.0 true 
0.0 0.0 0.0 0.0 0.0 true 
0.0 0.0 0.0 0.0 0.0 true 
0.0 0.0 0.0 0.0 0.0 true 
0.0 0.0 0.0 0.0 0.0 true 
0.0 0.0 0.0 0.0 0.0 true 
0.0 0.0 0.0 0.0 0.0 true 
0.0 0.0 0.0 0.0 0.0 true 
0.0 0.0 0.0 0.0 0.0 true 
0.0 0.0 0.0 0.0 0.0 true 
0.0 0.0 0.0 0.0 0.0 true 
0.0 0.0 0.0 0.0 0.0 true 
0.0 0.0 0.0 0.0 0.0 true 
0.0 0.0 0.0 0.0 0.0 true 
0.0 0.0 0.0 0.0 0.0 true 
0.0 0.0 0.0 0.0 0.0 true 
0.0 0.0 0.0 0.0 0.0 true 
0.0 0.0 0.0 0.0 0.0 true 
0.0 0.0 0.0 0.0 0.0 true 
0.0 0.0 0.0 0.0 0.0 true 
0.0 0.0 0.0 0.0 0.0 true 
0.0 0.0 0.0 0.0 0.0 true 
0.0 0.0 0.0 0.0 0.0 true 
0.07429130009775171 0.0 0.0 0.0 0.0 true 
0.07429130009775171 -0.07429130009775171 0.0 0.0 0.0 true 
0.07429130009775171 -0.07429130009775171 0.0 0.0 0.0 true 
0.07429130009775171 -0.07429130009775171 0.0 0.0 0.0 true 
0.07429130009775171 -0.07429130009775171 0.0 0.0 0.0 true 
0.07429130009775171 -0.07429130009775171 0.0 0.0 0.0 true 
0.07429130009775171 -0.07429130009775171 0.0 0.0 0.0 true 
0.14858260019550343 -0.07429130009775171 0.0 0.0 0.0 true 
0.14858260019550343 -0.14858260019550343 0.0 0.0 0.0 true 
0.14858260019550343 -0.14858260019550343 0.0 0.0 0.0 true 
0.20625610948191594 -0.14858260019550343 0.0 0.0 0.0 true 
0.20625610948191594 -0.20625610948191594 0.0 0.0 0.0 true 
0.20625610948191594 -0.20625610948191594 0.0 0.0 0.0 true 
0.20625610948191594 -0.20625610948191594 0.0 0.0 0.0 true 
0.20625610948191594 -0.20625610948191594 0.0 0.0 0.0 true 
0.20625610948191594 -0.20625610948191594 0.0 0.0 0.0 true 
0.20625610948191594 -0.20625610948191594 0.0 0.0 0.0 true 
0.22287390029325513 -0.22287390029325513 0.0 0.0 0.0 true 
0.22287390029325513 -0.22287390029325513 0.0 0.0 0.0 true 
0.22287390029325513 -0.22287390029325513 0.0 0.0 0.0 true 
0.22287390029325513 -0.22287390029325513 0.0 0.0 0.0 true 
0.22287390029325513 -0.22287390029325513 0.0 0.0 0.0 true 
0.22287390029325513 -0.22287390029325513 0.0 0.0 0.0 true 
0.22287390029325513 -0.22287390029325513 0.0 0.0 0.0 true 
0.22287390029325513 -0.22287390029325513 0.0 0.0 0.0 true 
0.22287390029325513 -0.22287390029325513 0.0 0.0 0.0 true 
0.22287390029325513 -0.22287390029325513 0.0 0.0 0.0 true 
0.22287390029325513 -0.22287390029325513 0.0 0.0 0.0 true 
0.22287390029325513 -0.22287390029325513 0.0 0.0 0.0 true 
0.22287390029325513 -0.22287390029325513 0.0 0.0 0.0 true 
0.22287390029325513 -0.22287390029325513 0.0 0.0 0.0 true 
0.22287390029325513 -0.22287390029325513 0.0 0.0 0.0 true 
0.22287390029325513 -0.22287390029325513 0.0 0.0 0.0 true 
0.22287390029325513 -0.22287390029325513 0.0 0.0 0.0 true 
0.22287390029325513 -0.22287390029325513 0.0 0.0 0.0 true 
0.22287390029325513 -0.22287390029325513 0.0 0.0 0.0 true 
0.22287390029325513 -0.22287390029325513 0.0 0.0 0.0 true 
0.22287390029325513 -0.22287390029325513 0.0 0.0 0.0 true 
0.22287390029325513 -0.22287390029325513 0.0 0.0 0.0 true 
0.22287390029325513 -0.22287390029325513 0.0 0.0 0.0 true 
0.22287390029325513 -0.22287390029325513 0.0 0.0 0.0 true 
0.22287390029325513 -0.22287390029325513 0.0 0.0 0.0 true 
0.22287390029325513 -0.22287390029325513 0.0 0.0 0.0 true 
0.22287390029325513 -0.22287390029325513 0.0 0.0 0.0 true 
0.22287390029325513 -0.22287390029325513 0.0 0.0 0.0 true 
0.22287390029325513 -0.22287390029325513 0.0 0.0 0.0 true 
0.22287390029325513 -0.22287390029325513 0.0 0.0 0.0 true 
0.22287390029325513 -0.22287390029325513 0.0 0.0 0.0 true 
0.22287390029325513 -0.22287390029325513 0.0 0.0 0.0 true 
0.22287390029325513 -0.22287390029325513 0.0 0.0 0.0 true 
0.22287390029325513 -0.22287390029325513 0.0 0.0 0.0 true 
0.22287390029325513 -0.22287390029325513 0.0 0.0 0.0 true 
0.22287390029325513 -0.22287390029325513 0.0 0.0 0.0 true 
0.22287390029325513 -0.22287390029325513 0.0 0.0 0.0 true 
0.22287390029325513 -0.22287390029325513 0.0 0.0 0.0 true 
0.22287390029325513 -0.22287390029325513 0.0 0.0 0.0 true 
0.22287390029325513 -0.22287390029325513 0.0 0.0 0.0 true 
0.22287390029325513 -0.22287390029325513 0.0 0.0 0.0 true 
0.22287390029325513 -0.22287390029325513 0.0 0.0 0.0 true 
0.22287390029325513 -0.22287390029325513 0.0 0.0 0.0 true 
0.22287390029325513 -0.22287390029325513 0.0 0.0 0.0 true 
0.22287390029325513 -0.22287390029325513 0.0 0.0 0.0 true 
0.22287390029325513 -0.22287390029325513 0.0 0.0 0.0 true 
0.22287390029325513 -0.22287390029325513 0.0 0.0 0.0 true 
0.22287390029325513 -0.22287390029325513 0.0 0.0 0.0 true 
0.22287390029325513 -0.22287390029325513 0.0 0.0 0.0 true 
0.22287390029325513 -0.22287390029325513 0.0 0.0 0.0 true 
0.22287390029325513 -0.22287390029325513 0.0 0.0 0.0 true 
0.22287390029325513 -0.22287390029325513 0.0 0.0 0.0 true 
0.22287390029325513 -0.22287390029325513 0.0 0.0 0.0 true 
0.22287390029325513 -0.22287390029325513 0.0 0.0 0.0 true 
0.22287390029325513 -0.22287390029325513 0.0 0.0 0.0 true 
0.22287390029325513 -0.22287390029325513 0.0 0.0 0.0 true 
0.22287390029325513 -0.22287390029325513 0.0 0.0 0.0 true 
0.22287390029325513 -0.22287390029325513 0.0 0.0 0.0 true 
0.22287390029325513 -0.22287390029325513 0.0 0.0 0.0 true 
0.22287390029325513 -0.22287390029325513 0.0 0.0 0.0 true 
0.22287390029325513 -0.22287390029325513 0.0 0.0 0.0 true 
0.22287390029325513 -0.22287390029325513 0.0 0.0 0.0 true 
0.22287390029325513 -0.22287390029325513 0.0 0.0 0.0 true 
0.22287390029325513 -0.22287390029325513 0.0 0.0 0.0 true 
0.22287390029325513 -0.22287390029325513 0.0 0.0 0.0 true 
0.22287390029325513 -0.22287390029325513 0.0 0.0 0.0 true 
0.22287390029325513 -0.22287390029325513 0.0 0.0 0.0 true 
0.22287390029325513 -0.22287390029325513 0.0 0.0 0.0 true 
0.22287390029325513 -0.22287390029325513 0.0 0.0 0.0 true 
0.22287390029325513 -0.22287390029325513 0.0 0.0 0.0 true 
0.22287390029325513 -0.22287390029325513 0.0 0.0 0.0 true 
0.22287390029325513 -0.22287390029325513 0.0 0.0 0.0 true 
0.22287390029325513 -0.22287390029325513 0.0 0.0 0.0 true 
0.22287390029325513 -0.22287390029325513 0.0 0.0 0.0 true 
0.22287390029325513 -0.22287390029325513 0.0 0.0 0.0 true 
0.22287390029325513 -0.22287390029325513 0.0 0.0 0.0 true 
0.22287390029325513 -0.22287390029325513 0.0 0.0 0.0 true 
0.22287390029325513 -0.19745845552297164 0.0 0.0 0.0 true 
0.19745845552297164 -0.19745845552297164 0.0 0.0 0.0 true 
0.19745845552297164 -0.19745845552297164 0.0 0.0 0.0 true 
0.19745845552297164 -0.19745845552297164 0.0 0.0 0.0 true 
0.15640273704789834 -0.19745845552297164 0.0 0.0 0.0 true 
0.15640273704789834 -0.15640273704789834 0.0 0.0 0.0 true 
0.15640273704789834 -0.15640273704789834 0.0 0.0 0.0 true 
0.15640273704789834 -0.15640273704789834 0.0 0.0 0.0 true 
0.15640273704789834 -0.15640273704789834 0.0 0.0 0.0 true 
0.15640273704789834 -0.10654936461388075 0.0 0.0 0.0 true 
0.10654936461388075 -0.10654936461388075 0.0 0.0 0.0 true 
0.10654936461388075 -0.10654936461388075 0.0 0.0 0.0 true 
0.10654936461388075 -0.10654936461388075 0.0 0.0 0.0 true 
0.10654936461388075 -0.10654936461388075 0.0 0.0 0.0 true 
0.10654936461388075 -0.10654936461388075 0.0 0.0 0.0 true 
0.10654936461388075 -0.10654936461388075 0.0 0.0 0.0 true 
0.04887585532746823 -0.04887585532746823 0.0 0.0 0.0 true 
0.04887585532746823 -0.04887585532746823 0.0 0.0 0.0 true 
0.04887585532746823 -0.04887585532746823 0.0 0.0 0.0 true 
0.04887585532746823 -0.04887585532746823 0.0 0.0 0.0 true 
0.04887585532746823 0.0 0.0 0.0 0.0 true 
0.04887585532746823 0.0 0.0 0.0 0.0 true 
0.0 0.0 0.0 0.0 0.0 true 
0.0 0.0 0.0 0.0 0.0 true 
0.0 0.0 0.0 0.0 0.0 true 
0.0 0.0 0.0 0.0 0.0 true 
0.0 0.0 0.0 0.0 0.0 true 
0.0 0.0 0.0 0.0 0.0 true 
0.0 0.0 0.0 0.0 0.0 true 
0.0 0.0 0.0 0.0 0.0 true 
0.0 0.0 0.0 0.0 0.0 true 
0.0 0.0 0.0 0.0 0.0 true 
0.0 0.0 0.0 0.0 0.0 true 
0.0 0.0 0.0 0.0 0.0 true 
0.0 0.0 0.0 0.0 0.0 true 
0.0 0.0 0.0 0.0 0.0 true 
0.0 0.0 0.0 0.0 0.0 true 
0.0 0.0 0.0 0.0 0.0 true 
0.0 0.0 0.0 0.0 0.0 true 
0.0 0.0 0.0 0.0 0.0 true 
0.0 0.0 0.0 0.0 0.0 true 
0.0 0.0 0.0 0.0 0.0 true 
0.0 0.0 0.0 0.0 0.0 true 
0.0 0.0 0.0 0.0 0.0 true 
0.0 0.0 0.0 0.0 0.0 true 
0.0 0.0 0.0 0.0 0.0 true 
0.0 0.0 0.0 0.0 0.0 true 
0.0 0.0 0.0 0.0 0.0 true 
0.0 0.0 0.0 0.0 0.0 true 
0.0 0.0 0.0 0.0 0.0 true 
0.0 0.0 0.0 0.0 0.0 true 
0.0 0.0 0.0 0.0 0.0 true 
0.0 0.0 0.0 0.0 0.0 true 
0.0 0.0 0.0 0.0 0.0 true 
0.0 0.0 0.0 0.0 0.0 true 
0.0 0.0 0.0 0.0 0.0 true 
0.0 0.0 0.0 0.0 0.0 true 
